-----------------------------------------------------Fold #  2
[[  0.           0.           0.           0.           0.           0.        ]
 [  0.           0.          32.           0.           0.           0.        ]
 [  0.           0.          31.33333333   0.           0.           0.        ]
 [  0.           0.          31.33333333   0.           0.           0.        ]
 [  0.           0.          31.33333333   0.           0.           0.        ]
 [  0.           0.          31.33333333   0.           0.           0.        ]]
-----------------------------------------------------Fold #  3
[[ 0.  0.  0.  0.  0.  0.]
 [ 0.  0.  0.  0.  0.  0.]
 [ 0.  0.  0.  0.  0.  0.]
 [ 0.  0.  0.  0.  0.  0.]
 [ 0.  0.  0.  0.  0.  0.]
 [ 0.  0.  0.  0.  0.  0.]]
-----------------------------------------------------Fold #  4
[[  0.           0.           0.           0.           0.           0.        ]
 [  0.           0.           0.           0.          93.24324324   0.        ]
 [  0.           0.           0.           0.          92.56756757   0.        ]
 [  0.           0.           0.           0.          89.86486486   0.        ]
 [  0.           0.           0.           0.          91.89189189   0.        ]
 [  0.           0.           0.           0.          88.51351351   0.        ]]
-----------------------------------------------------Fold #  5
[[  0.           0.           0.           0.           0.           0.        ]
 [  0.           0.           0.           0.           0.          92.66666667]
 [  0.           0.           0.           0.           0.          92.        ]
 [  0.           0.           0.           0.           0.          90.66666667]
 [  0.           0.           0.           0.           0.          91.33333333]
 [  0.           0.           0.           0.           0.          91.33333333]]
